,AtomicOrbitals|HOMO_character,AtomicOrbitals|HOMO_element,AtomicOrbitals|HOMO_energy,AtomicOrbitals|LUMO_character,AtomicOrbitals|LUMO_element,AtomicOrbitals|LUMO_energy,AtomicOrbitals|gap_AO,BandCenter|band center,ElementProperty|MagpieData minimum MendeleevNumber,ElementProperty|MagpieData maximum MendeleevNumber,ElementProperty|MagpieData range MendeleevNumber,ElementProperty|MagpieData mean MendeleevNumber,ElementProperty|MagpieData avg_dev MendeleevNumber,ElementProperty|MagpieData mode MendeleevNumber,ElementProperty|MagpieData maximum AtomicWeight,ElementProperty|MagpieData range AtomicWeight,ElementProperty|MagpieData mean AtomicWeight,ElementProperty|MagpieData avg_dev AtomicWeight,ElementProperty|MagpieData maximum CovalentRadius,ElementProperty|MagpieData range CovalentRadius,ElementProperty|MagpieData mean CovalentRadius,ElementProperty|MagpieData avg_dev CovalentRadius,ElementProperty|MagpieData minimum Electronegativity,ElementProperty|MagpieData maximum Electronegativity,ElementProperty|MagpieData range Electronegativity,ElementProperty|MagpieData mean Electronegativity,ElementProperty|MagpieData avg_dev Electronegativity,ElementProperty|MagpieData mode Electronegativity,ElementProperty|MagpieData minimum NsValence,ElementProperty|MagpieData range NsValence,ElementProperty|MagpieData mean NsValence,ElementProperty|MagpieData avg_dev NsValence,ElementProperty|MagpieData mode NsValence,ElementProperty|MagpieData maximum NpValence,ElementProperty|MagpieData range NpValence,ElementProperty|MagpieData mean NpValence,ElementProperty|MagpieData avg_dev NpValence,ElementProperty|MagpieData maximum NdValence,ElementProperty|MagpieData range NdValence,ElementProperty|MagpieData mean NdValence,ElementProperty|MagpieData avg_dev NdValence,ElementProperty|MagpieData maximum NfValence,ElementProperty|MagpieData range NfValence,ElementProperty|MagpieData mean NfValence,ElementProperty|MagpieData avg_dev NfValence,ElementProperty|MagpieData maximum NValence,ElementProperty|MagpieData range NValence,ElementProperty|MagpieData mean NValence,ElementProperty|MagpieData avg_dev NValence,ElementProperty|MagpieData maximum NsUnfilled,ElementProperty|MagpieData range NsUnfilled,ElementProperty|MagpieData mean NsUnfilled,ElementProperty|MagpieData avg_dev NsUnfilled,ElementProperty|MagpieData mean NpUnfilled,ElementProperty|MagpieData avg_dev NpUnfilled,ElementProperty|MagpieData maximum NdUnfilled,ElementProperty|MagpieData range NdUnfilled,ElementProperty|MagpieData mean NdUnfilled,ElementProperty|MagpieData avg_dev NdUnfilled,ElementProperty|MagpieData minimum NUnfilled,ElementProperty|MagpieData maximum NUnfilled,ElementProperty|MagpieData range NUnfilled,ElementProperty|MagpieData mean NUnfilled,ElementProperty|MagpieData avg_dev NUnfilled,ElementProperty|MagpieData mode NUnfilled,ValenceOrbital|avg s valence electrons,ValenceOrbital|avg p valence electrons,ValenceOrbital|avg d valence electrons,ValenceOrbital|avg f valence electrons,ValenceOrbital|frac s valence electrons,ValenceOrbital|frac p valence electrons,ValenceOrbital|frac d valence electrons,ValenceOrbital|frac f valence electrons,YangSolidSolution|Yang omega,YangSolidSolution|Yang delta
AtomicOrbitals|HOMO_character,1.0,0.716016647049101,0.44762727527232904,0.7297368497406322,0.7320658363200347,0.38273489793886106,0.12310424533209754,0.03144811448499251,0.8306714995673776,0.0,0.3334024313189779,0.1478756855846321,0.16265318117574765,0.8664607147746137,0.1641759389875061,0.09944814951692488,0.1220068920676345,0.12299706017550054,0.4122517102387224,0.40276261333956886,0.1231172523216959,0.15138575920203579,0.24939166226646156,0.0627123011520304,0.11379217483526975,0.02240376543525886,0.05203324846149649,0.3758489417864258,0.11370642898526116,0.028679375689904557,0.03412712196593757,0.0,0.0,0.0,0.0,0.0,0.04194888502512872,0.0770240339304855,0.08025354740810102,0.1793558057269551,0.21773381479114368,0.004906316717325797,0.07374670098070868,0.1816330558074968,0.17023701291954463,0.10579834135211437,0.11432198428283148,0.11211318805804474,0.09480615631315852,0.020632660621729155,0.06935210956248179,0.06156608094765636,0.01727217664218715,0.042620357702742175,0.009269035284078134,0.3669802478506287,0.36294933792885853,0.2799410334099705,0.3412643832588092,0.05760630353446709,0.28815458207937594,0.05082034098330062,0.17514454918466288,0.12102655085071806,0.32221076172906377,0.05615093470309017,0.0,0.21581846836364152,0.16611363241476226,0.07161446030561122,0.08089868785616984,0.10807935682439611,0.12586711127949066,0.01860413147414421,0.11833773917156235
AtomicOrbitals|HOMO_element,0.716016647049101,1.0,0.5126982726066278,0.30903759777169815,0.7988661521827521,0.45379477084726433,0.014652600283983911,0.049353715084687146,0.8227388838054862,0.0,0.11850220286078983,0.06159169500000519,0.04785940595489046,0.8357796980256911,0.25142318107186634,0.22841656744864175,0.1789279943567086,0.22118106166451185,0.44462178930460355,0.44008800118132213,0.10260249734290904,0.1611681588108006,0.26835117370112677,0.16940289649368817,0.16378303369132227,0.03252158604187728,0.07109955228233651,0.35832272068694465,0.05750153157224441,0.167905729765757,0.09256339774602905,0.10839786152493644,0.16500218666954775,5.27358518368949e-05,0.029557252461406523,0.004958986603454576,0.029859463732283646,0.11383394010999884,0.1167714418335397,0.20117235535871772,0.17348143264323382,0.2380763000466574,0.24892914489841725,0.4000646076089209,0.4748874363767687,0.3015111257517992,0.2770382913679392,0.16800056960859935,0.1582188342826614,0.07776975081460828,0.08428679139008134,0.10106876798816722,0.20964121710896874,0.0,0.015118505694935072,0.2593990687576262,0.283960341001826,0.2519445252185295,0.22104838061109983,0.00395642423393686,0.17850058651496215,0.05142284162288288,0.06820716347790383,0.04354986651053705,0.16274012046485437,0.14529513240956574,0.0,0.18687384103170307,0.3879733558846065,0.14263524337778763,0.07367019289268827,0.16306760495991646,0.3636706447514951,0.028885961815720975,0.06733930976809978
AtomicOrbitals|HOMO_energy,0.44762727527232904,0.5126982726066278,1.0,0.3896745503965793,1.1781554561098906,0.852000467581181,0.1385180436344828,0.158423975869391,1.2526170202138465,0.0,0.1540248443452874,0.14584511837417422,0.2215697412074418,1.257334661145535,0.3841424096785291,0.3752914064631092,0.15967671868011576,0.22606008270277492,0.8303797760976377,0.8308928014838282,0.24931319523776907,0.3331526801675303,0.5130323106955593,0.25272747658555994,0.2784058441501359,0.12409678096564186,0.19399452167072515,0.7701696357278548,0.21064905180821947,0.24430273490863746,0.2640951135318291,0.1993115872784953,0.19718995645561285,0.06334322014546524,0.06259319566058803,0.06191153504043124,0.060596646929781214,0.199613783696666,0.20703631303394338,0.5280543567676733,0.49317345513247857,0.13477145378135738,0.08500553458149697,0.1907133124828851,0.21787013892271112,0.33511632396083574,0.31988625619127126,0.1929384578391004,0.15630843189611626,0.234908310634521,0.20285381013359674,0.21854594750462314,0.22018901331984067,0.0,0.030045559032227387,0.7515746490680388,0.725638936846613,0.6686000902996001,0.6340633287631969,0.11115022177530326,0.5783615571700363,0.2809624513384522,0.33209963859116826,0.3016072773961314,0.4143231202442144,0.23391058014589647,0.03655252449075,0.5022898028039021,0.21165021155803201,0.1736371199397841,0.02080663202939978,0.23492579771022262,0.22026210306669675,0.08599105505415591,0.13199476600153695
AtomicOrbitals|LUMO_character,0.7297368497406322,0.30903759777169815,0.3896745503965793,1.0,0.8967729774139024,0.4561455018804406,0.1393886501585786,0.04947678659125673,0.8336404544267062,0.02989828545945458,0.3219547006416591,0.17197460715309865,0.1691417837115044,0.7521121633368704,0.12552808260827852,0.1447630692301908,0.12038968280608828,0.1258816505599189,0.4322724263654567,0.5079608588954103,0.12854932428815743,0.17198244467082735,0.2662674901146123,0.07003481573575805,0.13185904623648803,0.03244521574790331,0.08006427688834636,0.3989741982972602,0.01566806269865008,0.0864880871536449,0.06328748535473669,0.010074375604567842,0.15919945272891525,0.001853479748202779,0.0,0.03971511170822128,0.0,0.15004542561477643,0.1422798701661322,0.2915818162698941,0.2843446683605269,0.0,0.0019298831045082387,0.16510198355581213,0.19467435756971693,0.15206473657455286,0.1151925655008759,0.15669160701358611,0.0896330162627752,0.012273940485662042,0.0,0.09913612489357009,0.030240972901496382,0.040446727978435716,0.09291130278074983,0.43699280828536446,0.41815910886237845,0.3916411803070776,0.39169232302959567,0.06986788886563419,0.318689929355316,0.14401065458644258,0.21223860680136628,0.19758332592806455,0.3310347593568957,0.09063954115792006,0.06057365343450269,0.2549180140323809,0.10695415802713423,0.0884090488736808,0.1183646332195029,0.11647183068970095,0.18363478380671266,0.0390041490211759,0.14064848446702038
AtomicOrbitals|LUMO_element,0.7320658363200347,0.7988661521827521,1.1781554561098906,0.8967729774139024,1.0,0.5346887016357414,0.0701891711015593,0.03804321897024552,0.8151247880124236,0.0,0.12370000001291659,0.061377365684312714,0.07819351888143157,0.8132232201389633,0.2528179737312879,0.2753449907068041,0.2004137426975864,0.23862599685890074,0.4678091347512194,0.47583976535450173,0.10489484812041197,0.15481487790429893,0.322810911352402,0.09813073947622053,0.16984706285310927,0.02506785614632509,0.06061798334178592,0.36413840500570693,0.06323024921513294,0.0580006149855838,0.0,0.13466493148492942,0.10035453537754094,0.02813456375319569,0.028775440873880523,0.009642708442719456,0.04367356129742263,0.17566960496338868,0.08278189884837502,0.25554865840858537,0.2005813172040203,0.34304696710240207,0.33420013972275775,0.3857020473701214,0.4940878830288572,0.28482613006842816,0.2882871190384441,0.20822691434334867,0.1377547365314818,0.05631730619415554,0.0708208140716739,0.0927858995122298,0.10074347104199373,0.018428863277242722,0.04608132538086336,0.3300654751180671,0.30392721650445226,0.2369435654266966,0.2360433353927251,0.03834824307468655,0.17666737992614756,0.0,0.06920717215696438,0.020802924181417055,0.0820948521896115,0.07058144673478813,0.0,0.23917350839903181,0.41870219047452284,0.16347257837173731,0.11209600689335003,0.15979047206128058,0.32465131746738385,0.039035530805252266,0.12728046021982986
AtomicOrbitals|LUMO_energy,0.38273489793886106,0.45379477084726433,0.852000467581181,0.4561455018804406,0.5346887016357414,1.0,0.11895621225644525,0.14920029909091992,1.2671507518543912,0.0,0.13779604350486854,0.13275710013593656,0.21757128578691354,1.2427321280982837,0.35967791555484413,0.37003139184367734,0.16404300961818405,0.24670078527323194,0.8463065237090975,0.8474628629618745,0.2282774115776729,0.31296383712605264,0.5497973325287783,0.2397106782995497,0.28581279809698207,0.13043185232018734,0.17656430914594434,0.7529620605527455,0.2079694332061794,0.21947212744841646,0.21403760696467206,0.21501087171734495,0.2113103516441771,0.041243401368659324,0.07223327971190775,0.04684281939294349,0.06774767449278156,0.21463810700785416,0.2194397043548762,0.5354506523825879,0.49125030336227565,0.11473883141399482,0.1285308740086982,0.19439137221379496,0.22668949944121305,0.30901591751185936,0.30567384819738885,0.1562905530053968,0.13773356437849196,0.21276666603006905,0.17637235413563604,0.18882264513035418,0.20005336157601394,0.05767074411433199,0.025139354778007612,0.7408300056223661,0.7675706941374656,0.6399821691415816,0.6655212708847402,0.11434023258768876,0.5801822478474616,0.2601804176813857,0.34571424774198484,0.3022061263976434,0.39347574628212645,0.2772460717520546,0.06221906037461785,0.5190036061249997,0.1727537976349322,0.1575779542631643,0.03111600938192959,0.22365405132074698,0.23997676161264325,0.08684836172771981,0.13990573465118306
AtomicOrbitals|gap_AO,0.12310424533209754,0.014652600283983911,0.1385180436344828,0.1393886501585786,0.0701891711015593,0.11895621225644525,1.0,0.026509771485796203,0.3011278323634502,0.07879795941999329,0.25284253263904477,0.08738788438828482,0.0919513439071687,0.22865770458569015,0.02124161725407458,0.0,0.0,0.0,0.10231268475187213,0.08168236497994934,0.011481856771247379,0.023474028082865757,0.04594791475734309,0.055167041734105214,0.00987096707135078,0.02483758310878011,0.027003684403268755,0.0904575486228957,0.0011573658144390375,0.05329175635340803,0.02785956785353173,0.17872932538686268,0.07843784204598465,0.11283087273552148,0.004697713196644837,0.09888551856664138,0.09901162324644035,0.09005122515664989,0.03574947123149728,0.06560769402370614,0.10146371959092873,0.0,0.013576419374125657,0.00434528622891548,0.0,0.0,0.0,0.04167428991078527,0.01746620365581091,0.10202365866721963,0.0,0.09518046987992351,0.026001529989613092,0.06308474438527212,0.08583459212254686,0.1414498255390703,0.19929117071626862,0.12805805696964415,0.11333328187699394,0.09625633011318753,0.14969989761780944,0.23090136585787072,0.16511865977778015,0.15298202484082685,0.23497189943436106,0.049897259404062234,0.042176786462673525,0.07320391584656788,0.09639147555798043,0.030988452988652083,0.034592122706369965,0.019678198106394595,0.024384763199222368,0.007295068278660753,0.001593815759965927
BandCenter|band center,0.03144811448499251,0.049353715084687146,0.158423975869391,0.04947678659125673,0.03804321897024552,0.14920029909091992,0.026509771485796203,1.0,0.21276535465911806,0.04925472822877402,0.20437847476078772,0.19322441205983695,0.15843326254870244,0.20746732347692529,0.03995324125885453,0.03974969813670288,0.03991521411849783,0.036310868172620775,0.1914732849636294,0.19211952834550508,0.09746951575014053,0.09217212840136865,0.26536913440866355,0.14095576129405665,0.23279699840390497,0.7122744961256585,0.3234489642679459,0.2941691415609025,0.04084528284928099,0.04138052750806985,0.04124394269388882,0.04087127076609744,0.04087384485197918,0.05792307766788166,0.05815118851272701,0.06351927720924706,0.05767425708170593,0.0,0.0,0.06556109581869853,0.08520969249969386,0.0,0.0,0.01313871139576296,0.023511790896855785,0.10979343615877886,0.1096235897775343,0.07189204237254537,0.0589549497628525,0.04098435634271875,0.03984451586830455,0.04043234309621717,0.04094657729995785,0.06417981583328403,0.034458097805304275,0.17465750599288987,0.1728921921727217,0.15798517529543304,0.15874285035114633,0.057978853798361554,0.18627249679748267,0.12185243394056745,0.19667717965920664,0.16379248106685174,0.07000127149339763,0.041158452591567675,0.06397200216026669,0.06285764420657637,0.010919294605438015,0.044672579921622185,0.03899270450310391,0.025942985743297547,0.022760130501655547,0.0,0.1225061014285124
ElementProperty|MagpieData minimum MendeleevNumber,0.8306714995673776,0.8227388838054862,1.2526170202138465,0.8336404544267062,0.8151247880124236,1.2671507518543912,0.3011278323634502,0.21276535465911806,1.0,0.0,0.5797585826945951,0.2886584285375945,0.315743963519635,0.995599994281283,0.18525517646062736,0.1843675183515358,0.23442589597246233,0.1869879873776892,0.6417828450188267,0.6078424851968842,0.19894328054343124,0.2248640590142533,0.33702617329713225,0.13225396657363236,0.16390878846722173,0.10396220317698844,0.14637008164638257,0.3942801277191767,0.004665253521206318,0.021790040343281875,0.1338916648260299,0.06648046126090681,0.0,0.0,0.017078644896000524,0.0,0.05863280139383275,0.25075470763114327,0.30713413869135175,0.43644412332880383,0.5085819254519168,0.040336604051069265,0.1272001556461862,0.03585715619043972,0.1359785617169835,0.2469410577539152,0.20089205060483054,0.20639239431694661,0.11002617442098045,0.0,0.14626376745015873,0.12050142896222509,0.04028772734020068,0.0,0.0,0.7702649270840878,0.7185878967002636,0.6104367820396005,0.5947566248137229,0.09403582346726164,0.6326349662727733,0.1630642062881512,0.367378739989617,0.22687891857283982,0.6304101425133646,0.01933526046992423,0.0,0.40625237381250323,0.11533309056244893,0.12651372056816035,0.14349141108448973,0.20430947413066905,0.1802518810644559,0.08878686906742128,0.17300584412292636
ElementProperty|MagpieData maximum MendeleevNumber,0.0,0.0,0.0,0.02989828545945458,0.0,0.0,0.07879795941999329,0.04925472822877402,0.0,1.0,0.23458838166607807,0.042122468953688194,0.02305474783899488,0.0,0.27185674671249294,0.23959267676088328,0.0,0.0,0.0,0.0,0.0,0.0,0.16391378098970175,0.36054369716054074,0.15921250854713465,0.07689120644044399,0.05885593427335084,0.0,0.0,0.0,0.0,0.0,0.013526308724627952,0.8873347789203988,0.9140616621980581,0.9821029276541384,0.8796068073261674,0.07080544305472379,0.132476951434046,0.03450193106878299,0.0,0.0,0.05084909680422235,0.046254072557335005,0.01782486421250231,0.60123076572283,0.6385196507716415,0.09977716305249476,0.08716196998864247,0.0,0.0,0.015885275818822476,0.0,0.9828807507749203,0.8603475682802713,0.0,0.0,0.0,0.0,0.7623635989258936,0.0,0.26690528320857976,0.34797402237593994,0.39240604471180385,0.0,0.009521775304162493,0.9771493733732327,0.0,0.062192876307367945,0.08450186912980819,0.20247267860175125,0.11000390972584122,0.030263344925456168,0.1484791104981846,0.026741816642657956
ElementProperty|MagpieData range MendeleevNumber,0.3334024313189779,0.11850220286078983,0.1540248443452874,0.3219547006416591,0.12370000001291659,0.13779604350486854,0.25284253263904477,0.20437847476078772,0.5797585826945951,0.23458838166607807,1.0,0.1173975906312936,0.31872836119724857,0.5936883707589214,0.07318136220543477,0.09362899854397899,0.052869795947321774,0.05473191083946309,0.3279228725516732,0.3280595780308433,0.12018723263369732,0.1634671931125014,0.23573019122814892,0.09576233465497593,0.17409625418046526,0.07905939764627426,0.1300570507072287,0.25490527239062866,0.0,0.05970431214753841,0.1044630607107205,0.07959055363589078,0.0,0.24937792612499834,0.21924185331740156,0.17271694837210702,0.12947437642606874,0.10703329740952341,0.1903095170060022,0.2284005857714584,0.3195509857271894,0.12285205268453053,0.03701331163379162,0.06656627433321587,0.0,0.15303368473653578,0.14254886918617835,0.09684364940420412,0.10175251981020655,0.11143010964702445,0.0,0.04278043415913876,0.07498904260972016,0.18737877464290265,0.1285816618073348,0.4415052607058092,0.4361646194442902,0.3613996453050001,0.34788039109340835,0.026606473293085214,0.44193254447846797,0.3367615769851723,0.27293679568788426,0.2823110131298108,0.21032203674013905,0.09365262971404384,0.09544511809499001,0.2380694026948142,0.055003628313375776,0.1040383275677017,0.20455361925826385,0.15679106947399774,0.05466806398406224,0.10882859094307867,0.12147275242457814
ElementProperty|MagpieData mean MendeleevNumber,0.1478756855846321,0.06159169500000519,0.14584511837417422,0.17197460715309865,0.061377365684312714,0.13275710013593656,0.08738788438828482,0.19322441205983695,0.2886584285375945,0.042122468953688194,0.1173975906312936,1.0,0.19866522531273256,0.3539439672526558,0.021250624891058813,0.02083623398557818,0.09115458840605328,0.0,0.21954294595158771,0.2196346018089872,0.1265949907519151,0.1234599133166182,0.15587049318745555,0.04163463250686501,0.13079791000534605,0.17267823079744468,0.17733931660801935,0.18055881157133655,0.01154862170937915,0.00482030012081432,0.00779050872068012,0.0011733225111353472,0.0026872953101253105,0.028730651537683692,0.02646233388937202,0.03804295184064882,0.027784578827606477,0.08312599417543169,0.08430993837347188,0.22397037747942347,0.22765300415500556,0.0,0.0,0.0,0.0,0.09651394040093275,0.09169791691773575,0.3041291580978491,0.1251431606529586,0.004773717347460473,0.004372454677590486,0.0026925889809808366,0.002867498320171121,0.04252108638111015,0.042801578708368176,0.3148442970659572,0.3242214876463112,0.2880670316794848,0.29453070049293467,0.13949782957947818,0.3015637209964992,0.27993081725401003,0.4658835592891979,0.36178331159363813,0.17842485348232587,0.0,0.03771334805252426,0.20794648472283944,0.0,0.15227226145602207,0.1430940788207053,0.10319769952405977,0.08746663853401432,0.001815660381661781,0.1002628719320971
ElementProperty|MagpieData avg_dev MendeleevNumber,0.16265318117574765,0.04785940595489046,0.2215697412074418,0.1691417837115044,0.07819351888143157,0.21757128578691354,0.0919513439071687,0.15843326254870244,0.315743963519635,0.02305474783899488,0.31872836119724857,0.19866522531273256,1.0,0.4682167610517423,0.034948650855591595,0.03633074578867208,0.012551602514767628,0.006681425142391697,0.32130501184605714,0.32091523714741566,0.11684261841374492,0.1453306905645014,0.1888539694450593,0.05378382632374891,0.13859327927071988,0.14970791749021306,0.16470438948055977,0.2558631439019444,0.014661737183917735,0.025845666724341285,0.01048495102264296,0.01985725729271862,0.014895626841784769,0.013392932567651703,0.023263032947083505,0.013578525650235533,0.011836952354872048,0.1125561289261083,0.10071932547783488,0.2792623280784921,0.32087888758170185,0.01916582525715343,0.014813169292264347,0.02049332948617066,0.023124353446353225,0.10718139410625889,0.10891074310009143,0.17331281890643596,0.11869759995289034,0.025021934265243278,0.015373948308046536,0.011806107941883616,0.015276258738202035,0.01197529194628709,0.025615500244148295,0.39860716835619475,0.39559763702429207,0.3604194112052006,0.357083812389822,0.06555514366315421,0.3697183128784935,0.32567818437146256,0.3935852552979697,0.3768387294639393,0.21538126638276217,0.021226664918381474,0.020539753400251826,0.27787699490745527,0.0341087019334849,0.1117657754436666,0.10556956387585642,0.21892921287267667,0.05594484368118209,0.011498081634420492,0.08970176175769612
ElementProperty|MagpieData mode MendeleevNumber,0.8664607147746137,0.8357796980256911,1.257334661145535,0.7521121633368704,0.8132232201389633,1.2427321280982837,0.22865770458569015,0.20746732347692529,0.995599994281283,0.0,0.5936883707589214,0.3539439672526558,0.4682167610517423,1.0,0.19203376845510803,0.22089773175235772,0.23424613112182469,0.18684459934676137,0.5375700184623897,0.5850178465906529,0.19816741670346638,0.24203311124666174,0.3153162145987247,0.10794834825577476,0.16903460762030958,0.09642432153213197,0.14593200174657522,0.43592598104151214,0.07817532790155635,0.11567413632197049,0.11037329251092129,0.0,0.07369119785851799,0.0,0.0,0.0,0.0,0.2728527007601835,0.29495851950702145,0.39439339224670245,0.48595436658696406,0.12112188412107558,0.11269819066337107,0.04473583136009321,0.12975886540128206,0.17877586577052465,0.1757780872342695,0.15834688717351056,0.1292722962777262,0.041852447142544054,0.059789150532481156,0.022117784310244006,0.0,0.0,0.0,0.7415233252580457,0.7545574545668584,0.6541845469478603,0.6334821778882016,0.11584096951214631,0.6053967912765651,0.1960439682226267,0.3553057554334419,0.19068967819655713,0.653537976183971,0.057712857517273175,0.0,0.406529639537473,0.13229446365550465,0.13144718662107005,0.13962781455626935,0.19214232913902046,0.1694683159202118,0.09301448886950697,0.16615586833837812
ElementProperty|MagpieData maximum AtomicWeight,0.1641759389875061,0.25142318107186634,0.3841424096785291,0.12552808260827852,0.2528179737312879,0.35967791555484413,0.02124161725407458,0.03995324125885453,0.18525517646062736,0.27185674671249294,0.07318136220543477,0.021250624891058813,0.034948650855591595,0.19203376845510803,1.0,1.003691348365353,0.47339471727798144,0.5791002542393393,0.7159118852844035,0.6929034847742229,0.20532866657105386,0.25416911759384997,0.34241980626131285,0.343644211634444,0.16016103635521964,0.0541884271018572,0.03527988324501573,0.43469890987257287,0.15402203508972234,0.17272711719655048,0.1904830801570046,0.16650917152643022,0.18098452619646835,0.17488736419191256,0.17166744785592516,0.2709652025081962,0.19967692537283582,0.46866958540641696,0.4876521017315233,0.39741841859755234,0.3819606351538402,0.3222148071997678,0.3193099176529073,0.38699707149892787,0.3724931378899083,0.9316252466989517,0.9362286703925181,0.27035943101456855,0.30064777726025277,0.16601896439100627,0.17215626259298156,0.17387742002188286,0.1426854137515325,0.2524840226710775,0.1953029900701443,0.404044675472778,0.39251095967349464,0.3502940052150215,0.36613040722858325,0.18523135001423882,0.3367384834268471,0.02862478447879459,0.012004295475945828,0.0025364818378082942,0.1850648566377266,0.18999474432381397,0.252417694645434,0.3973453704389835,0.38515755278087926,0.20920093264300418,0.1123925297907667,0.23155274772816284,0.3251359011593957,0.13474596504190572,0.22620845945909598
ElementProperty|MagpieData range AtomicWeight,0.09944814951692488,0.22841656744864175,0.3752914064631092,0.1447630692301908,0.2753449907068041,0.37003139184367734,0.0,0.03974969813670288,0.1843675183515358,0.23959267676088328,0.09362899854397899,0.02083623398557818,0.03633074578867208,0.22089773175235772,1.003691348365353,1.0,0.47002986222356696,0.5779221454833605,0.6942232539930893,0.6904390169185748,0.20411740456556607,0.2571244895087877,0.32766198207427194,0.31360186488291825,0.16373630685738774,0.05166675093369894,0.037241227553372745,0.4373443970235685,0.14672831073032663,0.18161982762297246,0.14646660218839672,0.1581713049670081,0.17656495361527413,0.1609276542801329,0.18549825445777626,0.24254275747354087,0.18510835391864255,0.46599182631040303,0.47508705781587424,0.38161416511794266,0.3832580427243285,0.32404862762958264,0.28319313072081775,0.39196260452815906,0.3983559267887346,0.9257441941060219,0.972340741738505,0.26008032821624416,0.29762902984106704,0.16885438766568012,0.17339956151304864,0.16628637584477934,0.14490530675740015,0.24992355215703452,0.1908940689542736,0.40191323923529926,0.4165701002925085,0.3491664128527311,0.37678567620841935,0.21490675796169187,0.3070700180865593,0.05151793216682334,0.005300292933354074,0.0,0.15033660867242313,0.17936051428757221,0.230367337989502,0.3836384120045125,0.41132537427846694,0.21090836413896238,0.10895671814503788,0.23374429793996665,0.3221502278081113,0.13414133345034987,0.22018623589757422
ElementProperty|MagpieData mean AtomicWeight,0.1220068920676345,0.1789279943567086,0.15967671868011576,0.12038968280608828,0.2004137426975864,0.16404300961818405,0.0,0.03991521411849783,0.23442589597246233,0.0,0.052869795947321774,0.09115458840605328,0.012551602514767628,0.23424613112182469,0.47339471727798144,0.47002986222356696,1.0,0.725678026267497,0.40138451769883954,0.39844433508569355,0.2859484570780946,0.2740486001946757,0.18653399722246244,0.09286642682432918,0.047916527313186984,0.02497868509343996,0.005211354972816458,0.24754342387677694,0.07033503482590804,0.07125671902271508,0.07102152178592369,0.07037978567366401,0.07038421821538014,0.0,0.0,0.0,0.0,0.2994441834080725,0.2995939882272667,0.29480943779205604,0.33831642460219896,0.2031971795415755,0.19881250179454252,0.2723366936199899,0.24892456354913226,0.3981096518868097,0.4036676953204014,0.3216745159971092,0.26786754400657076,0.0705745175353411,0.0686117273703242,0.06962395805310373,0.07050946252524158,0.0,0.0,0.2874954365123483,0.28736916716093625,0.2620889089520108,0.26329656144003194,0.02757418815295055,0.27893537487963216,0.018106837832535933,0.0,0.0,0.15337711228231216,0.07087430896464844,0.0,0.29429881586371165,0.27064436156203364,0.279209984956004,0.0716257364847165,0.1969625915758447,0.33328651868930964,0.007465872882902693,0.17395336528552013
ElementProperty|MagpieData avg_dev AtomicWeight,0.12299706017550054,0.22118106166451185,0.22606008270277492,0.1258816505599189,0.23862599685890074,0.24670078527323194,0.0,0.036310868172620775,0.1869879873776892,0.0,0.05473191083946309,0.0,0.006681425142391697,0.18684459934676137,0.5791002542393393,0.5779221454833605,0.725678026267497,1.0,0.46447131502112615,0.46360890619545303,0.21477849536622717,0.22552918549114298,0.2413155381656991,0.14642635283845537,0.08028475933773678,0.03529649945876409,0.03262722450465962,0.3220290796238542,0.09512303902210947,0.09636955012480453,0.09605146290143747,0.09518356130162352,0.09518955599316914,0.0,0.0,0.0,0.0,0.34533349042298306,0.34550625257353046,0.3096088100288444,0.33224767018617846,0.2559023785834357,0.25038040496490904,0.350268803466452,0.3286935705088099,0.47783807867465555,0.4812648058227343,0.32616082820467646,0.3071829590414124,0.0954469220367537,0.09279239053732033,0.09416135920244918,0.09535893984865076,0.0,0.006263560596427848,0.2511269527603553,0.2500378862189254,0.22787521562092092,0.22854976412129666,0.0,0.2219269988287471,0.006697112215161481,0.0,0.0,0.09862883902248569,0.09585236822582692,0.0,0.3033067207985429,0.3480921921654593,0.2577719519943834,0.09161581833256903,0.25591889305400306,0.35632603302746874,0.0073773501370241286,0.21431315002085202
ElementProperty|MagpieData maximum CovalentRadius,0.4122517102387224,0.44462178930460355,0.8303797760976377,0.4322724263654567,0.4678091347512194,0.8463065237090975,0.10231268475187213,0.1914732849636294,0.6417828450188267,0.0,0.3279228725516732,0.21954294595158771,0.32130501184605714,0.5375700184623897,0.7159118852844035,0.6942232539930893,0.40138451769883954,0.46447131502112615,1.0,0.9609823731681182,0.3836832303253175,0.4944739298559921,0.42691867100213293,0.10322376272104987,0.22179246444789483,0.146602874805437,0.18133709441460086,0.5826500299314917,0.10086094302180706,0.18428091124778664,0.24309636180780675,0.16097447837147688,0.08194762205262439,0.0,0.01068821349577702,0.027842106064996784,0.0,0.26921750369978864,0.2586967607043439,0.38627399816154545,0.40996633046323716,0.06806186185946006,0.10331481874567966,0.15949521337982292,0.17216119764150345,0.28651062687979356,0.24483039322928965,0.1533621343568521,0.11490658925691478,0.19364756657093943,0.19239351974212984,0.12615070514881196,0.15865267307790082,0.0,0.0,0.6012315050077977,0.6651149244098806,0.49601131129330833,0.5015971359944765,0.026644303011266843,0.6433886083806172,0.14385047222646316,0.2637568088437445,0.16537951933684492,0.36097869888522766,0.151138180038258,0.0,0.30980467423619434,0.14292959011859752,0.09194517211197302,0.028559324908040806,0.15279925146743412,0.20321640712841338,0.10853555158783375,0.2962946362586803
ElementProperty|MagpieData range CovalentRadius,0.40276261333956886,0.44008800118132213,0.8308928014838282,0.5079608588954103,0.47583976535450173,0.8474628629618745,0.08168236497994934,0.19211952834550508,0.6078424851968842,0.0,0.3280595780308433,0.2196346018089872,0.32091523714741566,0.5850178465906529,0.6929034847742229,0.6904390169185748,0.39844433508569355,0.46360890619545303,0.9609823731681182,1.0,0.39120823238312524,0.4839362833132862,0.42668357518589684,0.13638580032626604,0.24042638184901985,0.14961345787615937,0.17935515407955088,0.5920706350175563,0.14205738950168476,0.1911501467110562,0.24117047986416768,0.12439379820591866,0.19345863964242327,0.0,0.0,0.0,0.004328355651753767,0.2964895091221586,0.3127516669420937,0.3667643934703057,0.3891590772464505,0.05325663377080929,0.11089128987695183,0.1761936156772562,0.20198632322599055,0.2994291234202658,0.23261432701253484,0.1499759678161106,0.07543762797306147,0.15624311987402276,0.1064475433917557,0.12403022846953231,0.09964699861190707,0.013126172475161733,0.0,0.6088794478871411,0.5917188672002348,0.5094859172282946,0.5337722857961369,0.0704565452714952,0.5867225933447185,0.18153590826369895,0.30343624123394114,0.20149369523691912,0.2792193966307001,0.1897750841408464,0.0,0.3282604293789095,0.07773446995709564,0.09713314940534677,0.027706552132220723,0.16268294709057574,0.21991010084834997,0.10765192905926294,0.2972680622007826
ElementProperty|MagpieData mean CovalentRadius,0.1231172523216959,0.10260249734290904,0.24931319523776907,0.12854932428815743,0.10489484812041197,0.2282774115776729,0.011481856771247379,0.09746951575014053,0.19894328054343124,0.0,0.12018723263369732,0.1265949907519151,0.11684261841374492,0.19816741670346638,0.20532866657105386,0.20411740456556607,0.2859484570780946,0.21477849536622717,0.3836832303253175,0.39120823238312524,1.0,0.7436394266768492,0.21314969018149557,0.09252070496663355,0.1252370425436589,0.0790636308293532,0.08178686676616087,0.32970991113820364,0.05733126470242378,0.05238165782467863,0.05672903405361762,0.052383400802146186,0.05305969516530102,0.013984923907896967,0.016650676527708644,0.0,0.01614439348562297,0.13152930044173333,0.13634031444375316,0.3183838987573974,0.33239775216851736,0.04948569147477424,0.05739124500669917,0.08686454800334785,0.07993166320191425,0.07171992001990664,0.07327938176655609,0.1671944334495912,0.06334399092872083,0.05997321288240119,0.05625611342753583,0.05737677040447172,0.05865699589517136,0.0,0.034121911540695674,0.3820317422131797,0.380955480125357,0.3430967539118673,0.3499369287535789,0.045020713912763466,0.2739087088722213,0.06444055086180626,0.11814025592417157,0.07489951527001146,0.19462675396432577,0.05328408381275077,0.0,0.3141385208615329,0.08311378523283953,0.10075088520012945,0.0,0.09015948023539407,0.09747552439277475,0.011549582467000923,0.2790518990618533
ElementProperty|MagpieData avg_dev CovalentRadius,0.15138575920203579,0.1611681588108006,0.3331526801675303,0.17198244467082735,0.15481487790429893,0.31296383712605264,0.023474028082865757,0.09217212840136865,0.2248640590142533,0.0,0.1634671931125014,0.1234599133166182,0.1453306905645014,0.24203311124666174,0.25416911759384997,0.2571244895087877,0.2740486001946757,0.22552918549114298,0.4944739298559921,0.4839362833132862,0.7436394266768492,1.0,0.28347206517101764,0.10576603164795738,0.16665919383059516,0.0801016317823912,0.13798461002499296,0.43654793885871473,0.06450382893032351,0.07577089911672162,0.07228561800818352,0.07704003611230238,0.07326726703233771,0.012850191773755723,0.010660897557758016,0.0,0.015510484684574435,0.19089035911962807,0.1931029201198648,0.36594496064183374,0.3515201281819607,0.0442339049261419,0.0536307800041669,0.083473683271919,0.08802926689006632,0.15437977163456568,0.1503578114715241,0.16203753323156173,0.104542374674707,0.06971665771999146,0.07325902072620763,0.07258694116156242,0.06540218997884736,0.0,0.04132816512854293,0.46465738294174763,0.45162460621482503,0.41519168337133705,0.4181238004234272,0.04063318234407174,0.3386450911975259,0.11108384442219198,0.17018831776368964,0.12656626292087284,0.24087254653414608,0.07987594007911435,0.0,0.35822988606974326,0.08012683185434637,0.09959551187781569,0.0,0.12137533549655992,0.12001360166896459,0.02050979789445402,0.28365850750551713
ElementProperty|MagpieData minimum Electronegativity,0.24939166226646156,0.26835117370112677,0.5130323106955593,0.2662674901146123,0.322810911352402,0.5497973325287783,0.04594791475734309,0.26536913440866355,0.33702617329713225,0.16391378098970175,0.23573019122814892,0.15587049318745555,0.1888539694450593,0.3153162145987247,0.34241980626131285,0.32766198207427194,0.18653399722246244,0.2413155381656991,0.42691867100213293,0.42668357518589684,0.21314969018149557,0.28347206517101764,1.0,0.0,0.5217447064352176,0.24281025971865247,0.24538465953376762,0.7559846637302574,0.13739452539997757,0.1571904175300054,0.18727336422913582,0.17256910592558736,0.16002787844994976,0.09083057068293496,0.12030417172571159,0.16509362478497874,0.11123426952847143,0.1930783601320435,0.2147681630687181,0.3967507996449718,0.38824683177070035,0.12101850319440038,0.10413778083638756,0.13735021070624093,0.17226810962771733,0.3174625944118333,0.32445249243412644,0.12858560205886785,0.07385912987065146,0.1896713832807233,0.16070075915409754,0.16707125195283887,0.15892986475869048,0.15954860626077466,0.12790713356944566,0.6003549368197909,0.5736745534306062,0.5257491334802731,0.5271061214554081,0.10970662066030318,0.5615780901196487,0.26284591628150483,0.2858219361189069,0.34496797812100316,0.17279773106825366,0.14487820230919174,0.1457399368151668,0.4019580508993579,0.15904734267887136,0.09416307032154628,0.026468946624105667,0.17292926270397227,0.154845860043444,0.16163323669271484,0.2842863205261059
ElementProperty|MagpieData maximum Electronegativity,0.0627123011520304,0.16940289649368817,0.25272747658555994,0.07003481573575805,0.09813073947622053,0.2397106782995497,0.055167041734105214,0.14095576129405665,0.13225396657363236,0.36054369716054074,0.09576233465497593,0.04163463250686501,0.05378382632374891,0.10794834825577476,0.343644211634444,0.31360186488291825,0.09286642682432918,0.14642635283845537,0.10322376272104987,0.13638580032626604,0.09252070496663355,0.10576603164795738,0.0,1.0,0.1498556865631098,0.1638950236914718,0.05198426284775534,0.12804817047205824,0.2359307287053849,0.18415755838828599,0.15457534673684958,0.17081379442441383,0.20365958254293537,0.47055507232845883,0.4511128166688393,0.3637696291265143,0.4354786123869238,0.1395905102073229,0.124971971138279,0.15289165655539078,0.17409644473135943,0.17156604392720962,0.18399627109393957,0.2195978656462905,0.2200321901768531,0.44632947386725763,0.502390244290111,0.10831624040036887,0.1285504045599769,0.17696333472822673,0.16028052778519936,0.12384319190119693,0.17795049254358042,0.4095455812570889,0.3333468832147483,0.19234388473577424,0.20420954468683264,0.14755178323276572,0.20540065217291262,0.3321498045748782,0.13038521763169642,0.14345013905647339,0.08805092535142806,0.1602277596339411,0.20958404100765468,0.1714619931581493,0.38108239215477996,0.1397854529503726,0.17838632241516775,0.12346660086846913,0.06938681329278831,0.11072614162575019,0.18774782293140213,0.18761836970386397,0.02782425680495353
ElementProperty|MagpieData range Electronegativity,0.11379217483526975,0.16378303369132227,0.2784058441501359,0.13185904623648803,0.16984706285310927,0.28581279809698207,0.00987096707135078,0.23279699840390497,0.16390878846722173,0.15921250854713465,0.17409625418046526,0.13079791000534605,0.13859327927071988,0.16903460762030958,0.16016103635521964,0.16373630685738774,0.047916527313186984,0.08028475933773678,0.22179246444789483,0.24042638184901985,0.1252370425436589,0.16665919383059516,0.5217447064352176,0.1498556865631098,1.0,0.22061823448288098,0.3931051581632635,0.43135626897322116,0.11516064164940341,0.09902744902608474,0.09473103166520913,0.07745591697960423,0.12644629683394845,0.1488754219178359,0.1642954088854162,0.16894290513794077,0.14181168571707817,0.055933226966170944,0.05010011994539555,0.2048411637474479,0.18773096528325828,0.056551174849294436,0.07726367354832472,0.09072608296702796,0.0982493299177297,0.17652731695373436,0.17372948282122716,0.08885734552722806,0.06406417187290095,0.07076190637786177,0.0875836340387726,0.07605414397710475,0.10850346839743687,0.15325347978883636,0.1423778094320912,0.3534074587233354,0.34313118242094703,0.3321383396616056,0.3204274671664077,0.09601236610667124,0.3277451297432989,0.2010931504085593,0.1844363425772798,0.1649189590499369,0.048486904362336755,0.09932512636872698,0.15143912044234648,0.2024105566044543,0.09957385357526077,0.07213082078465974,0.060229203523889316,0.11126760663298621,0.0856888855617169,0.12900972927207843,0.12517094030908082
